Tanggal,Meninggal,Sembuh,Self Isolation,Masih Perawatan,Total Pasien,Positif Harian,Positif Aktif,Sembuh Harian
2020-03-01,0,0,0,0,0,0,0,0
2020-03-02,0,0,0,0,0,0,0,0
2020-03-03,1,0,0,2,3,3,2,0
2020-03-04,1,0,0,2,3,0,2,0
2020-03-05,3,0,0,4,7,4,4,0
2020-03-06,3,0,0,4,7,0,4,0
2020-03-07,3,0,0,4,7,0,4,0
2020-03-08,3,0,0,4,7,0,4,0
2020-03-09,3,0,0,31,34,27,31,0
2020-03-10,3,0,0,31,34,0,31,0
2020-03-11,3,0,0,33,36,2,33,0
2020-03-12,5,0,0,57,62,26,57,0
2020-03-13,7,0,0,65,72,10,65,0
2020-03-14,9,0,0,70,79,7,70,0
2020-03-15,11,0,0,84,95,16,84,0
2020-03-16,12,0,7,78,97,2,85,0
2020-03-17,12,0,27,83,122,25,110,0
2020-03-18,15,12,42,91,160,38,133,12
2020-03-19,19,13,57,121,210,50,178,1
2020-03-20,20,13,66,125,224,14,191,0
2020-03-21,23,17,71,157,268,44,228,4
2020-03-22,29,21,77,177,304,36,254,4
2020-03-23,29,22,79,225,355,51,304,1
2020-03-24,34,23,109,260,426,71,369,1
2020-03-25,43,27,112,290,472,46,402,4
2020-03-26,49,29,113,324,515,43,437,2
2020-03-27,57,31,132,346,566,51,478,2
2020-03-28,62,43,134,364,603,37,498,12
2020-03-29,67,48,151,435,701,98,586,5
2020-03-30,78,49,151,449,727,26,600,1
2020-03-31,84,49,157,451,741,14,608,0
2020-04-01,90,51,176,499,816,75,675,2
2020-04-02,95,54,195,565,909,93,760,3
2020-04-03,98,56,209,627,990,81,836,2
2020-04-04,99,58,223,691,1071,81,914,2
2020-04-05,123,64,279,685,1151,80,964,6
2020-04-06,131,68,317,783,1299,148,1100,4
2020-04-07,141,69,338,895,1443,144,1233,1
2020-04-08,144,75,357,976,1552,109,1333,6
2020-04-09,155,82,405,1077,1719,167,1482,7
2020-04-10,156,82,433,1139,1810,91,1572,0
2020-04-11,168,142,441,1152,1903,93,1593,60
2020-04-12,195,142,468,1277,2082,179,1745,0
2020-04-13,209,142,521,1370,2242,160,1891,0
2020-04-14,243,163,558,1385,2349,107,1943,21
2020-04-15,246,164,613,1424,2447,98,2037,1
2020-04-16,248,202,619,1601,2670,223,2220,38
2020-04-17,250,203,643,1727,2823,153,2370,1
2020-04-18,257,206,670,1769,2902,79,2439,3
2020-04-19,292,207,695,1839,3033,131,2534,1
2020-04-20,297,237,752,1826,3112,79,2578,30
2020-04-21,305,286,753,1935,3279,167,2688,49
2020-04-22,308,291,815,1985,3399,120,2800,5
2020-04-23,316,292,888,2010,3506,107,2898,1
2020-04-24,331,327,959,1988,3605,99,2947,35
2020-04-25,350,334,1050,1947,3681,76,2997,7
2020-04-26,357,338,1099,1952,3746,65,3051,4
2020-04-27,375,338,1169,1950,3832,86,3119,0
2020-04-28,379,341,1206,2024,3950,118,3230,3
2020-04-29,381,412,1238,2002,4033,83,3240,71
2020-04-30,381,412,1272,2073,4138,105,3345,0
2020-05-01,393,427,1312,2151,4283,145,3463,15
2020-05-02,400,562,1304,2089,4355,72,3393,135
2020-05-03,410,622,1323,2062,4417,62,3385,60
2020-05-04,412,650,1330,2080,4472,55,3410,28
2020-05-05,414,711,1370,2146,4641,169,3516,61
2020-05-06,420,713,1381,2195,4709,68,3576,2
2020-05-07,430,718,1431,2196,4775,66,3627,5
2020-05-08,431,763,1426,2281,4901,126,3707,45
2020-05-09,437,767,1442,2312,4958,57,3754,4
2020-05-10,444,803,1533,2360,5140,182,3893,36
2020-05-11,453,836,1648,2258,5195,55,3906,33
2020-05-12,457,1262,1741,1843,5303,108,3584,426
2020-05-13,461,1277,1866,1833,5437,134,3699,15
2020-05-14,466,1279,1995,1877,5617,180,3872,2
2020-05-15,474,1286,2019,1900,5679,62,3919,7
2020-05-16,475,1292,2120,1908,5795,116,4028,6
2020-05-17,478,1295,2217,1932,5922,127,4149,3
2020-05-18,483,1301,2266,1946,5996,74,4212,6
2020-05-19,487,1417,2213,1936,6053,57,4149,116
2020-05-20,493,1425,2263,1969,6150,97,4232,8
2020-05-21,498,1536,2231,1955,6220,70,4186,111
2020-05-22,501,1558,2282,1975,6316,96,4257,22
2020-05-23,504,1587,2346,2006,6443,127,4352,29
2020-05-24,505,1594,2431,2031,6561,118,4462,7
2020-05-25,506,1648,2430,2044,6628,67,4474,54
2020-05-26,508,1678,2459,2044,6689,61,4503,30
2020-05-27,510,1698,2584,2034,6826,137,4618,20
2020-05-28,514,1719,2641,2055,6929,103,4696,21
2020-05-29,517,1807,2722,2007,7053,124,4729,88
2020-05-30,519,2003,2781,1848,7151,98,4629,196
2020-05-31,520,2102,2827,1823,7272,121,4650,99
2020-06-01,521,2246,2822,1794,7383,111,4616,144
2020-06-02,525,2405,2786,1743,7459,76,4529,159
2020-06-03,529,2534,2777,1699,7539,80,4476,129
2020-06-04,530,2607,2793,1670,7600,61,4463,73
2020-06-05,532,2751,2768,1633,7684,84,4401,144
2020-06-06,535,2840,2776,1635,7786,102,4411,89
2020-06-07,537,3170,2794,1445,7946,160,4239,330
2020-06-08,538,3205,2846,1448,8037,91,4294,35
2020-06-09,547,3369,2918,1442,8276,239,4360,164
2020-06-10,551,3517,2928,1427,8423,147,4355,148
2020-06-11,555,3664,2887,1446,8552,129,4333,147
2020-06-12,561,3780,2863,1424,8628,76,4287,116
2020-06-13,564,3840,2925,1419,8748,120,4344,60
2020-06-14,571,4091,2833,1368,8863,115,4201,251
2020-06-15,580,4198,2800,1390,8968,105,4190,107
2020-06-16,583,4329,2764,1416,9092,124,4180,131
2020-06-17,588,4444,2775,1402,9209,117,4177,115
2020-06-18,594,4592,2822,1377,9385,176,4199,148
2020-06-19,599,4682,2862,1382,9525,140,4244,90
2020-06-20,603,4821,2939,1340,9703,178,4279,139
2020-06-21,615,5054,2874,1287,9830,127,4161,233
2020-06-22,618,5128,2901,1310,9957,127,4211,74
2020-06-23,619,5228,2957,1319,10123,166,4276,100
2020-06-24,628,5322,2978,1349,10277,154,4327,94
2020-06-25,631,5435,3068,1338,10472,195,4406,113
2020-06-26,632,5542,3136,1330,10640,168,4466,107
2020-06-27,632,5610,3256,1355,10853,213,4611,68
2020-06-28,635,5865,3163,1322,10985,132,4485,255
2020-06-29,636,6118,3299,1027,11080,95,4326,253
2020-06-30,641,6512,3172,951,11276,196,4123,394
2020-07-01,644,6680,3269,889,11482,206,4158,168
2020-07-02,646,6871,3356,804,11677,195,4160,191
2020-07-03,648,7109,3331,736,11824,147,4067,238
2020-07-04,650,7377,3366,646,12039,215,4012,268
2020-07-05,658,7663,3390,584,12295,256,3974,286
2020-07-06,658,8033,3340,495,12526,231,3835,370
2020-07-07,664,8277,3379,405,12725,199,3784,244
2020-07-08,667,8429,3556,417,13069,344,3973,152
2020-07-09,677,8647,3584,451,13359,290,4035,218
2020-07-10,684,8825,3613,476,13598,239,4089,178
2020-07-11,690,9040,3732,495,13957,359,4227,215
2020-07-12,702,9200,3905,554,14361,404,4459,160
2020-07-13,710,9408,3924,597,14639,278,4521,208
2020-07-14,714,9528,4053,619,14914,275,4672,120
2020-07-15,720,9721,4041,691,15173,259,4732,193
2020-07-16,722,9857,4110,777,15466,293,4887,136
2020-07-17,731,9994,4156,826,15707,241,4982,137
2020-07-18,740,10117,4289,892,16038,331,5181,123
2020-07-19,748,10444,4236,923,16351,313,5159,327
2020-07-20,749,10602,4335,1026,16712,361,5361,158
2020-07-21,758,10864,4458,1073,17153,441,5531,262
2020-07-22,766,11187,4383,1193,17529,376,5576,323
2020-07-23,767,11302,4675,1201,17945,416,5876,115
2020-07-24,768,11585,4577,1300,18230,285,5877,283
2020-07-25,769,11715,4729,1410,18623,393,6139,130
2020-07-26,779,11889,4842,1491,19001,378,6333,174
2020-07-27,782,11996,4993,1702,19473,472,6695,107
2020-07-28,795,12373,4869,1848,19885,412,6717,377
2020-07-29,820,12613,5093,1944,20470,585,7037,240
2020-07-30,821,12801,5098,2049,20769,299,7147,188
2020-07-31,836,13208,4974,2183,21201,432,7157,407
2020-08-01,852,13887,4683,2153,21575,374,6836,679
2020-08-02,852,14027,4916,2159,21954,379,7075,140
2020-08-03,867,14165,5084,2327,22443,489,7411,138
2020-08-04,880,14381,5216,2432,22909,466,7648,216
2020-08-05,895,14760,5128,2483,23266,357,7611,379
2020-08-06,908,15006,5397,2552,23863,597,7949,246
2020-08-07,922,15201,5803,2595,24521,658,8398,195
2020-08-08,934,15710,6110,2488,25242,721,8598,509
2020-08-09,939,16268,6091,2416,25714,472,8507,558
2020-08-10,940,16446,6252,2555,26193,479,8807,178
2020-08-11,953,16927,6236,2548,26664,471,8784,481
2020-08-12,968,17349,6208,2717,27242,578,8925,422
2020-08-13,981,17838,6330,2714,27863,621,9044,489
2020-08-14,985,18528,6331,2594,28438,575,8925,690
2020-08-15,991,18974,6457,2614,29036,598,9071,446
2020-08-16,995,19708,6284,2567,29554,518,8851,734
2020-08-17,1011,19916,6514,2651,30092,538,9165,208
2020-08-18,1028,20505,6602,2462,30597,505,9064,589
2020-08-19,1046,21069,6488,2559,31162,565,9047,564
2020-08-20,1061,21795,6357,2544,31757,595,8901,726
2020-08-21,1076,22228,6518,2576,32398,641,9094,433
2020-08-22,1091,22877,6269,2762,32999,601,9031,649
2020-08-23,1107,23567,6040,2922,33636,637,8962,690
2020-08-24,1112,25463,5090,2630,34295,659,7720,1896
2020-08-25,1129,25986,5130,2686,34931,636,7816,523
2020-08-26,1144,26750,4978,2770,35642,711,7748,764
2020-08-27,1147,28288,4499,2528,36462,820,7027,1538
2020-08-28,1154,29169,4128,2827,37278,816,6955,881
2020-08-29,1172,29768,4414,2812,38166,888,7226,599
2020-08-30,1186,30134,4945,3015,39280,1114,7960,366
2020-08-31,1202,30538,5281,3288,40309,1029,8569,404
2020-09-01,1219,31267,5423,3341,41250,941,8764,729
2020-09-02,1237,31741,5757,3568,42303,1053,9325,474
2020-09-03,1253,32424,6323,3709,43709,1406,10032,683
2020-09-04,1260,33260,6257,3827,44604,895,10084,836
2020-09-05,1277,33991,6501,3677,45446,842,10178,731
2020-09-06,1289,34738,6582,4082,46691,1245,10664,747
2020-09-07,1318,35431,6706,4341,47796,1105,11047,693
2020-09-08,1330,36451,6598,4432,48811,1015,11030,1020
2020-09-09,1347,37245,6691,4554,49837,1026,11245,794
2020-09-10,1365,38226,6968,4728,51287,1450,11696,981
2020-09-11,1382,39115,7143,4681,52321,1034,11824,889
2020-09-12,1404,40183,7490,4684,53761,1440,12174,1068
2020-09-13,1410,41014,7791,4649,54864,1103,12440,831
2020-09-14,1440,42325,7530,4631,55926,1062,12161,1311
2020-09-15,1468,43306,7711,4468,56953,1027,12179,981
2020-09-16,1498,44251,7907,4802,58458,1505,12709,945
2020-09-17,1513,45207,8013,4739,59472,1014,12752,956
2020-09-18,1535,46235,8450,4655,60875,1403,13105,1028
2020-09-19,1546,47260,8696,4305,61807,932,13001,1025
2020-09-20,1561,49209,8297,3819,62886,1079,12116,1949
2020-09-21,1592,49630,9225,3749,64196,1310,12974,421
2020-09-22,1624,50473,9380,3841,65318,1122,13221,843
2020-09-23,1650,51578,9611,3666,66505,1187,13277,1105
2020-09-24,1664,52742,9714,3518,67638,1133,13232,1164
2020-09-25,1677,54352,10027,2871,68927,1289,12898,1610
2020-09-26,1679,55350,10594,2561,70184,1257,13155,998
2020-09-27,1692,56413,10915,2350,71370,1186,13265,1063
2020-09-28,1704,57741,10474,2258,72177,807,12732,1328
2020-09-29,1718,58865,10659,2067,73309,1132,12726,1124
2020-09-30,1731,60320,10353,1964,74368,1059,12317,1455
2020-10-01,1737,61444,10545,1795,75521,1153,12340,1124
2020-10-02,1740,62279,10496,2104,76619,1098,12600,835
2020-10-03,1743,63286,10652,2103,77784,1165,12755,1007
2020-10-04,1761,64319,11091,2043,79214,1430,13134,1033
2020-10-05,1772,65295,10912,2057,80036,822,12969,976
2020-10-06,1806,66315,10787,2135,81043,1007,12922,1020
2020-10-07,1819,67310,10807,2447,82383,1340,13254,995
2020-10-08,1838,68352,10717,2485,83392,1009,13202,1042
2020-10-09,1860,69203,10746,2555,84364,972,13301,851
2020-10-10,1877,70487,10698,2555,85617,1253,13253,1284
2020-10-11,1901,71549,10863,2693,87006,1389,13556,1062
2020-10-12,1922,72633,10814,2805,88174,1168,13619,1084
2020-10-13,1944,73733,10908,2643,89228,1054,13551,1100
2020-10-14,1961,74924,10822,2559,90266,1038,13381,1191
2020-10-15,1984,75974,10636,2743,91337,1071,13379,1050
2020-10-16,2008,76956,10498,2920,92382,1045,13418,982
2020-10-17,2032,78062,10591,2671,93356,974,13262,1106
2020-10-18,2051,79136,10782,2358,94327,971,13140,1074
2020-10-19,2064,80261,10325,2603,95253,926,12928,1125
2020-10-20,2086,81107,10292,2732,96217,964,13024,846
2020-10-21,2105,82178,10273,2661,97217,1000,12934,1071
2020-10-22,2120,83338,9980,2768,98206,989,12748,1160
2020-10-23,2138,84430,9604,2986,99158,952,12590,1092
2020-10-24,2153,85586,9557,2924,100220,1062,12481,1156
2020-10-25,2164,86815,9151,2861,100991,771,12012,1229
2020-10-26,2185,87977,8960,2775,101897,906,11735,1162
2020-10-27,2195,89060,8743,2680,102678,781,11423,1083
2020-10-28,2211,90157,8438,2716,103522,844,11154,1097
2020-10-29,2225,91235,7951,2824,104235,713,10775,1078
2020-10-30,2239,92312,7457,2839,104847,612,10296,1077
2020-10-31,2255,94434,6524,2384,105597,750,8908,2122
2020-11-01,2273,94819,6935,2178,106205,608,9113,385
2020-11-02,2291,95876,7312,1750,107229,1024,9062,1057
2020-11-03,2300,96902,6844,1800,107846,617,8644,1026
2020-11-04,2315,97833,6665,1807,108620,774,8472,931
2020-11-05,2331,98806,6260,2014,109411,791,8274,973
2020-11-06,2348,99830,6050,1855,110083,672,7905,1024
2020-11-07,2359,100816,6159,1867,111201,1118,8026,986
2020-11-08,2366,101791,6338,1532,112027,826,7870,975
2020-11-09,2377,102844,6050,1472,112743,716,7522,1053
2020-11-10,2391,104144,5724,1497,113756,1013,7221,1300
2020-11-11,2403,105117,5161,1662,114343,587,6823,973
2020-11-12,2414,106189,4878,1693,115174,831,6571,1072
2020-11-13,2428,107147,5028,1604,116207,1033,6632,958
2020-11-14,2441,108209,4710,2102,117462,1255,6812,1062
2020-11-15,2448,109181,4952,2046,118627,1165,6998,972
2020-11-16,2455,110221,4420,2537,119633,1006,6957,1040
2020-11-17,2459,111096,4355,2761,120671,1038,7116,875
2020-11-18,2470,111948,4619,2781,121818,1147,7400,852
2020-11-19,2484,112833,4633,3053,123003,1185,7686,885
2020-11-20,2501,113739,4616,3387,124243,1240,8003,906
2020-11-21,2515,114863,5323,3121,125822,1579,8444,1124
2020-11-22,2531,115939,5529,3165,127164,1342,8694,1076
2020-11-23,2548,117003,5592,3030,128173,1009,8622,1064
2020-11-24,2567,118062,5518,3041,129188,1015,8559,1059
2020-11-25,2584,119099,6000,2778,130461,1273,8778,1037
2020-11-26,2597,120287,5876,2765,131525,1064,8641,1188
2020-11-27,2614,121082,6653,2612,132961,1436,9265,795
2020-11-28,2632,122328,6921,2450,134331,1370,9371,1246
2020-11-29,2652,123163,7608,2339,135762,1431,9947,835
2020-11-30,2671,124078,7823,2289,136861,1099,10112,915
2020-12-01,2689,125102,7937,2191,137919,1058,10128,1024
2020-12-02,2710,126163,8202,2010,139085,1166,10212,1061
2020-12-03,2734,127136,8155,2213,140238,1153,10368,973
2020-12-04,2757,128051,8073,2389,141270,1032,10462,915
2020-12-05,2779,129067,8623,2161,142630,1360,10784,1016
2020-12-06,2799,130136,8819,2207,143961,1331,11026,1069
2020-12-07,2823,131071,9473,2060,145427,1466,11533,935
2020-12-08,2842,132248,9650,1861,146601,1174,11511,1177
2020-12-09,2860,133318,9703,1957,147838,1237,11660,1070
2020-12-10,2880,134366,9391,2381,149018,1180,11772,1048
2020-12-11,2902,135545,9078,2725,150250,1232,11803,1179
2020-12-12,2922,136489,8822,2968,151201,951,11790,944
2020-12-13,2941,137605,8679,3274,152499,1298,11953,1116
2020-12-14,2963,138988,8994,3120,154065,1566,12114,1383
2020-12-15,2990,140225,8643,3264,155122,1057,11907,1237
2020-12-16,3010,141365,8263,3705,156343,1221,11968,1140
2020-12-17,3027,142741,7851,4414,158033,1690,12265,1376
2020-12-18,3048,143959,7673,4940,159620,1587,12613,1218
2020-12-19,3068,145066,8112,5273,161519,1899,13385,1107
2020-12-20,3087,146958,8057,5009,163111,1592,13066,1892
2020-12-21,3097,148308,8366,4806,164577,1466,13172,1350
2020-12-22,3115,149691,8620,4462,165888,1311,13082,1383
2020-12-23,3130,151122,8643,4947,167842,1954,13590,1431
2020-12-24,3146,152491,8833,5305,169775,1933,14138,1369
2020-12-25,3167,154242,8720,5742,171871,2096,14462,1751
2020-12-26,3182,156798,9439,4510,173929,2058,13949,2556
2020-12-27,3204,158615,9655,4452,175926,1997,14107,1817
2020-12-28,3226,159878,9919,4581,177604,1678,14500,1263
2020-12-29,3246,161337,10018,5059,179660,2056,15077,1459
2020-12-30,3266,162911,9882,5654,181713,2053,15536,1574
2020-12-31,3287,164881,9746,5821,183735,2022,15567,1970
2021-01-01,3308,166512,10082,5789,185691,1956,15871,1631
2021-01-02,3334,168781,10872,4599,187586,1895,15471,2269
2021-01-03,3345,170510,10978,4410,189243,1657,15388,1729
2021-01-04,3369,173036,10371,4299,191075,1832,14670,2526
2021-01-05,3392,174131,10897,4479,192899,1824,15376,1095
2021-01-06,3410,175441,12196,4254,195301,2402,16450,1310
2021-01-07,3435,176882,12781,4601,197699,2398,17382,1441
2021-01-08,3463,179562,13397,4236,200658,2959,17633,2680
2021-01-09,3485,181613,13076,5237,203411,2753,18313,2051
2021-01-10,3517,184576,13166,4863,206122,2711,18029,2963
2021-01-11,3551,187086,13541,4405,208583,2461,17946,2510
2021-01-12,3589,188675,14591,4397,211252,2669,18988,1589
2021-01-13,3634,191635,15009,4450,214728,3476,19459,2960
2021-01-14,3675,193719,15852,4647,217893,3165,20499,2084
2021-01-15,3710,195924,15553,5247,220434,2541,20800,2205
2021-01-16,3745,198136,17524,4565,223970,3536,22089,2212
2021-01-17,3779,201907,16741,4938,227365,3395,21679,3771
2021-01-18,3815,204711,16419,4781,229726,2361,21200,2804
2021-01-19,3836,209238,14604,4611,232289,2563,19215,4527
2021-01-20,3868,210983,16389,4835,236075,3786,21224,1745
2021-01-21,3900,213570,16966,4790,239226,3151,21756,2587
2021-01-22,3940,215719,17752,5607,243018,3792,23359,2149
2021-01-23,3980,219287,18657,4379,246303,3285,23036,3568
2021-01-24,4024,221567,19554,4670,249815,3512,24224,2280
2021-01-25,4063,224071,19869,4263,252266,2451,24132,2504
2021-01-26,4108,227010,19432,4030,254580,2314,23462,2939
2021-01-27,4134,229981,18528,3773,256416,1836,22301,2971
2021-01-28,4185,232701,18473,3946,259305,2889,22419,2720
2021-01-29,4224,235140,19381,4008,262753,3448,23389,2439
2021-01-30,4254,238395,20539,3056,266244,3491,23595,3255
2021-01-31,4267,242069,19272,4110,269718,3474,23382,3674
2021-02-01,4337,244202,19824,4969,273332,3614,24793,2133
2021-02-02,4379,248515,18925,4875,276694,3362,23800,4313
2021-02-03,4420,249810,21863,4168,280261,3567,26031,1295
2021-02-04,4461,254155,20419,4858,283893,3632,25277,4345
2021-02-05,4502,256702,21191,4838,287233,3340,26029,2547
2021-02-06,4541,261027,19325,4719,289612,2379,24044,4325
2021-02-07,4587,265369,17958,5911,293825,4213,23869,4342
2021-02-08,4631,268785,17766,5787,296969,3144,23553,3416
2021-02-09,4681,271573,18174,5978,300406,3437,24152,2788
2021-02-10,4725,274817,16676,7497,303715,3309,24173,3244
2021-02-11,4748,278822,14119,8540,306229,2514,22659,4005
2021-02-12,4798,284579,10774,9888,310039,3810,20662,5757
2021-02-13,4850,289189,9644,9374,313057,3018,19018,4610
2021-02-14,4895,293538,9017,8103,315553,2496,17120,4349
2021-02-15,4940,295623,8881,7988,317432,1879,16869,2085
2021-02-16,4987,297695,9042,7569,319293,1861,16611,2072
2021-02-17,5026,299795,8467,7450,320738,1445,15917,2100
2021-02-18,5044,302451,7067,6549,321111,373,13616,2656
2021-02-19,5081,304995,7323,5632,323031,1920,12955,2544
2021-02-20,5121,307759,7165,5858,325903,2872,13023,2764
2021-02-21,5172,310412,7137,5902,328623,2720,13039,2653
2021-02-22,5206,312748,7528,5612,331094,2471,13140,2336
2021-02-23,5248,314563,7126,4939,331876,782,12065,1815
2021-02-24,5301,317003,6008,4346,332658,782,10354,2440
2021-02-25,5346,319326,5499,4068,334239,1581,9567,2323
2021-02-26,5385,321038,5560,3917,335900,1661,9477,1712
2021-02-27,5439,322285,5885,4028,337637,1737,9913,1247
2021-02-28,5478,323892,5940,4425,339735,2098,10365,1607
2021-03-01,5528,326509,5891,3865,341793,2058,9756,2617
2021-03-02,5568,328526,5072,3205,342371,578,8277,2017
2021-03-03,5613,331016,3742,3437,343808,1437,7179,2490
2021-03-04,5657,332758,3940,3461,345816,2008,7401,1742
2021-03-05,5702,334100,4026,3147,346975,1159,7173,1342
2021-03-06,5748,335617,4228,2998,348591,1616,7226,1517
2021-03-07,5790,337426,4194,3015,350425,1834,7209,1809
2021-03-08,5838,338931,4494,2945,352208,1783,7439,1505
2021-03-09,5883,340587,3856,2749,353075,867,6605,1656
2021-03-10,5923,341398,3691,3103,354115,1040,6794,811
2021-03-11,5943,342306,4253,3367,355869,1754,7620,908
2021-03-12,5969,343351,4670,3752,357742,1873,8422,1045
2021-03-13,5991,345202,4226,3357,358776,1034,7583,1851
2021-03-14,6026,347210,3443,3301,359980,1204,6744,2008
2021-03-15,6038,349002,3485,3010,361535,1555,6495,1792
2021-03-16,6062,350561,2996,2751,362370,835,5747,1559
2021-03-17,6077,351680,2907,3036,363700,1330,5943,1119
2021-03-18,6100,352827,3273,3219,365419,1719,6492,1147
2021-03-19,6120,354036,3483,3368,367007,1588,6851,1209
2021-03-20,6143,355221,3894,3686,368944,1937,7580,1185
2021-03-21,6160,357100,3859,3463,370582,1638,7322,1879
2021-03-22,6179,358826,3775,3276,372056,1474,7051,1726
2021-03-23,6206,360479,3107,3079,372871,815,6186,1653
2021-03-24,6224,362248,2650,2639,373761,890,5289,1769
2021-03-25,6241,362975,3222,3049,375487,1726,6271,727
2021-03-26,6260,363599,3629,3380,376868,1381,7009,624
2021-03-27,6281,364251,3932,3758,378222,1354,7690,652
2021-03-28,6304,365592,3966,3830,379692,1470,7796,1341
2021-03-29,6324,366615,4034,3733,380706,1014,7767,1023
2021-03-30,6327,367819,3419,3525,381090,384,6944,1204
2021-03-31,6341,369007,3028,3679,382055,965,6707,1188
2021-04-01,6344,369929,3447,3672,383392,1337,7119,922
2021-04-02,6351,371254,3433,3594,384632,1240,7027,1325
2021-04-03,6356,372494,3317,3563,385730,1098,6880,1240
2021-04-04,6360,373565,3149,3392,386466,736,6541,1071
2021-04-05,6372,374542,2771,3304,386989,523,6075,977
2021-04-06,6379,375080,2705,3312,387476,487,6017,538
2021-04-07,6391,375651,2814,3482,388338,862,6296,571
2021-04-08,6410,376270,3244,3653,389577,1239,6897,619
2021-04-09,6424,376959,3506,3701,390590,1013,7207,689
2021-04-10,6435,377797,3716,3619,391567,977,7335,838
2021-04-11,6450,379210,3617,3321,392598,1031,6938,1413
2021-04-12,6459,380560,3324,2947,393290,692,6271,1350
2021-04-13,6482,381449,3326,2861,394118,828,6187,889
2021-04-14,6489,382091,3338,2861,394779,661,6199,642
2021-04-15,6504,382617,3921,3067,396109,1330,6988,526
2021-04-16,6513,383655,3607,3313,397088,979,6920,1038
2021-04-17,6520,384652,3512,3441,398125,1037,6953,997
2021-04-18,6536,385615,3313,3611,399075,950,6924,963
2021-04-19,6558,386606,3218,3666,400048,973,6884,991
2021-04-20,6569,387507,2945,3487,400508,460,6432,901
2021-04-21,6587,388083,2954,3486,401110,602,6440,576
2021-04-22,6596,388735,3497,3548,402376,1266,7045,652
2021-04-23,6612,389445,3584,3619,403260,884,7203,710
2021-04-24,6623,390334,3563,3647,404167,907,7210,889
2021-04-25,6645,391301,3399,3718,405063,896,7117,967
2021-04-26,6660,392595,3152,3405,405812,749,6557,1294
2021-04-27,6679,393205,2999,3322,406205,393,6321,610
2021-04-28,6690,393814,2950,3390,406844,639,6340,609
2021-04-29,6710,394403,3308,3410,407831,987,6718,589
2021-04-30,6733,394939,3421,3527,408620,789,6948,536
2021-05-01,6747,395644,3533,3622,409546,926,7155,705
2021-05-02,6767,396594,3450,3589,410400,854,7039,950
2021-05-03,6788,397349,3483,3537,411157,757,7020,755
2021-05-04,6807,397955,3247,3564,411573,416,6811,606
2021-05-05,6830,398610,3240,3738,412418,845,6978,655
2021-05-06,6850,399224,3406,3843,413323,905,7249,614
2021-05-07,6872,399821,3485,3928,414106,783,7413,597
2021-05-08,6896,400403,3569,3970,414838,732,7539,582
2021-05-09,6911,401114,3648,3974,415647,809,7622,711
2021-05-10,6933,401744,3723,3941,416341,694,7664,630
2021-05-11,6952,402374,3490,3931,416747,406,7421,630
2021-05-12,6973,403039,3402,3989,417403,656,7391,665
2021-05-13,6973,403630,3630,3955,418188,785,7585,591
2021-05-14,7003,404187,3502,4128,418820,632,7630,557
2021-05-15,7066,404715,3288,3978,419047,227,7266,528
2021-05-16,7082,404980,3189,3957,419208,161,7146,265
2021-05-17,7107,405229,3158,4135,419629,421,7293,249
2021-05-18,7130,405357,3248,4185,419920,291,7433,128
2021-05-19,7149,405535,3366,4409,420459,539,7775,178
2021-05-20,7169,405714,3797,4674,421354,895,8471,179
2021-05-21,7184,405918,4142,4966,422210,856,9108,204
2021-05-22,7196,406300,4386,5260,423142,932,9646,382
2021-05-23,7207,406669,4744,5389,424009,867,10133,369
2021-05-24,7225,406987,5079,5537,424828,819,10616,318
2021-05-25,7239,407493,5017,5463,425212,384,10480,506
2021-05-26,7250,408019,4993,5567,425829,617,10560,526
2021-05-27,7271,408585,5280,5633,426769,940,10913,566
2021-05-28,7288,409497,5161,5516,427462,693,10677,912
2021-05-29,7296,410508,5004,5461,428269,807,10465,1011
2021-05-30,7309,411495,5100,5429,429333,1064,10529,987
2021-05-31,7327,412074,5241,5417,430059,726,10658,579
2021-06-01,7349,412593,5214,5422,430578,519,10636,519
2021-06-02,7361,413179,5178,5461,431179,601,10639,586
2021-06-03,7381,413680,5402,5430,431893,714,10832,501
2021-06-04,7402,414496,5414,5487,432799,906,10901,816
2021-06-05,7423,415317,5756,5620,434116,1317,11376,821
2021-06-06,7438,416181,5966,5550,435135,1019,11516,864
2021-06-07,7457,416994,6261,5620,436332,1197,11881,813
2021-06-08,7478,417997,6057,5555,437087,755,11612,1003
2021-06-09,7499,419109,6120,5730,438458,1371,11850,1112
2021-06-10,7523,420211,6991,5829,440554,2096,12820,1102
2021-06-11,7543,421396,7750,6158,442847,2293,13908,1185
2021-06-12,7557,422121,8855,6769,445302,2455,15624,725
2021-06-13,7571,423056,10034,7410,448071,2769,17444,935
2021-06-14,7609,424088,11240,7856,450793,2722,19096,1032
2021-06-15,7634,425417,11102,8142,452295,1502,19244,1329
2021-06-16,7665,426695,11555,8756,454671,2376,20311,1278
2021-06-17,7713,428764,13054,9284,458815,4144,22338,2069
2021-06-18,7777,431264,14951,9560,463552,4737,24511,2500
2021-06-19,7836,433499,16787,10325,468447,4895,27112,2235
2021-06-20,7905,435982,19105,11037,474029,5582,30142,2483
2021-06-21,7976,439007,20717,11343,479043,5014,32060,3025
2021-06-22,8014,442059,21167,11024,482264,3221,32191,3052
2021-06-23,8057,443195,22868,12837,486957,4693,35705,1136
2021-06-24,8107,445718,26403,14234,494462,7505,40637,2523
2021-06-25,8177,448288,29325,15606,501396,6934,44931,2570
2021-06-26,8220,451013,33829,17605,510667,9271,51434,2725
2021-06-27,8269,454497,38464,18831,520061,9394,57295,3484
2021-06-28,8348,457935,42252,19874,528409,8348,62126,3438
2021-06-29,8426,461439,45504,20419,535788,7379,65923,3504
2021-06-30,8486,464943,47829,22210,543468,7680,70039,3504
2021-07-01,8528,468461,49836,24184,551009,7541,74020,3518
2021-07-02,8547,473467,53014,25380,560408,9399,78394,5006
2021-07-03,8577,479150,54941,27442,570110,9702,82383,5683
2021-07-04,8652,484949,59307,27687,580595,10485,86994,5799
2021-07-05,8779,491556,62873,28290,591498,10903,91163,6607
2021-07-06,8861,497492,65448,29136,600937,9439,94584,5936
2021-07-07,9042,501199,69644,30418,610303,9366,100062,3707
2021-07-08,9110,512085,72361,29721,623277,12974,102082,10886
2021-07-09,9306,526941,73239,26903,636389,13112,100142,14856
2021-07-10,9357,543867,71812,24273,649309,12920,96085,16926
2021-07-11,9395,564437,68251,20359,662442,13133,88610,20570
2021-07-12,9462,584912,66581,16106,677061,14619,82687,20475
2021-07-13,9541,589486,71848,18368,689243,12182,90216,4574
2021-07-14,9603,592556,78571,21180,701910,12667,99751,3070
2021-07-15,9743,595582,86298,22978,714601,12691,109276,3026
2021-07-16,9845,604033,88295,24843,727016,12415,113138,8451
2021-07-17,9902,615640,87929,23713,737184,10168,111642,11607
2021-07-18,10103,627481,86457,22271,746312,9128,108728,11841
2021-07-19,10345,640171,81275,19521,751312,5000,100796,12690
2021-07-20,10610,652242,75776,18897,757525,6213,94673,12071
2021-07-21,10692,662800,72115,17822,763429,5904,89937,10558
2021-07-22,10865,673424,68974,17224,770487,7058,86198,10624
2021-07-23,11021,687864,62789,16846,778520,8033,79635,14440
2021-07-24,11181,702477,56946,16276,786880,8360,73222,14613
2021-07-25,11333,716838,48934,15168,792273,5393,64102,14361
2021-07-26,11436,731504,38271,13724,794935,2662,51995,14666
2021-07-27,11606,746087,26961,13848,798502,3567,40809,14583
2021-07-28,11688,757122,22332,12885,804027,5525,35217,11035
2021-07-29,11844,768562,16676,10790,807872,3845,27466,11440
2021-07-30,11952,779720,11264,8390,811326,3454,19654,11158
2021-07-31,12135,784668,10134,7716,814653,3327,17850,4948
2021-08-01,12209,789261,9399,6485,817354,2701,15884,4593
2021-08-02,12363,791422,9202,5777,818764,1410,14979,2161
2021-08-03,12433,793928,8705,5299,820365,1601,14004,2506
2021-08-04,12514,796381,9535,4916,823346,2981,14451,2453
2021-08-05,12629,799151,9458,4419,825657,2311,13877,2770
2021-08-06,12682,802373,8813,3974,827842,2185,12787,3222
2021-08-07,12750,806924,6957,3219,829850,2008,10176,4551
2021-08-08,12770,808087,7567,3075,831499,1649,10642,1163
2021-08-09,12783,809087,7430,2926,832226,727,10356,1000
2021-08-10,12824,810308,7495,3024,833651,1425,10519,1221
2021-08-11,12866,811642,7873,3228,835609,1958,11101,1334
2021-08-12,12908,813898,7008,2873,836687,1078,9881,2256
2021-08-13,12976,815468,6724,2729,837897,1210,9453,1570
2021-08-14,13005,816687,6748,2820,839260,1363,9568,1219
2021-08-15,13022,817764,6755,2901,840442,1182,9656,1077
2021-08-16,13050,818700,6290,2915,840955,513,9205,936
2021-08-17,13074,819620,5955,2961,841610,655,8916,920
2021-08-18,13087,820517,6006,3029,842639,1029,9035,897
2021-08-19,13121,821451,5794,3004,843370,731,8798,934
2021-08-20,13132,822399,5721,3087,844339,969,8808,948
2021-08-21,13152,823314,5565,3199,845230,891,8764,915
2021-08-22,13173,824227,5584,2947,845931,701,8531,913
2021-08-23,13193,824958,5477,2788,846416,485,8265,731
2021-08-24,13203,825573,5277,2847,846900,484,8124,615
2021-08-25,13214,826302,5442,2731,847689,789,8173,729
2021-08-26,13216,827333,5110,2604,848263,574,7714,1031
2021-08-27,13232,827674,5491,2504,848901,638,7995,341
2021-08-28,13242,828125,5607,2395,849369,468,8002,451
2021-08-29,13252,828838,5497,2256,849843,474,7753,713
